[gd_scene load_steps=9 format=3 uid="uid://b4ghhanl7jasv"]

[ext_resource type="MeshLibrary" uid="uid://dfb65nr40chr0" path="res://meshLibraries/spaceLibrary.tres" id="1_6tisa"]
[ext_resource type="PackedScene" uid="uid://ffhyni5hmnsq" path="res://enemy/enemy.tscn" id="2_dbkse"]
[ext_resource type="PackedScene" uid="uid://vin3ej8shvub" path="res://base/base.tscn" id="3_0n1tn"]

[sub_resource type="ProceduralSkyMaterial" id="ProceduralSkyMaterial_rlb1v"]
sky_horizon_color = Color(0.662243, 0.671743, 0.686743, 1)
ground_horizon_color = Color(0.662243, 0.671743, 0.686743, 1)

[sub_resource type="Sky" id="Sky_6tisa"]
sky_material = SubResource("ProceduralSkyMaterial_rlb1v")

[sub_resource type="Environment" id="Environment_dbkse"]
background_mode = 2
sky = SubResource("Sky_6tisa")
tonemap_mode = 2
glow_enabled = true

[sub_resource type="StandardMaterial3D" id="StandardMaterial3D_6tisa"]
albedo_color = Color(0.266667, 0.266667, 0.266667, 1)

[sub_resource type="Curve3D" id="Curve3D_6tisa"]
_data = {
"points": PackedVector3Array(0, 0, 0, 0, 0, 0, -22, 0, 6, -0.7, 0, 0.7, 0.7, 0, -0.7, -10, 0, 6, -0.7, 0, 0.8, 0.7, 0, -0.8, -10, 0, -2, -0.7, 0, -0.8, 0.7, 0, 0.8, -2, 0, -2, -1, 0, -1, 1, 0, 1, -2, 0, 6, -0.7, 0, 0.9, 0.7, 0, -0.9, 14, 0, 6, 0.8, 0, 0.8, -0.8, 0, -0.8, 14, 0, -2, 0.8, 0, 0.7, -0.8, 0, -0.7, 6, 0, -2, 0, 0, 0, 0, 0, 0, 6, 0, -6),
"tilts": PackedFloat32Array(0, 0, 0, 0, 0, 0, 0, 0, 0)
}
point_count = 9

[node name="BaseLevel" type="Node3D"]

[node name="WorldEnvironment" type="WorldEnvironment" parent="."]
environment = SubResource("Environment_dbkse")

[node name="DirectionalLight3D" type="DirectionalLight3D" parent="."]
transform = Transform3D(-0.866025, -0.433013, 0.25, 0, 0.5, 0.866025, -0.5, 0.75, -0.433013, 0, 0, 0)
shadow_enabled = true

[node name="CSGBox3D" type="CSGBox3D" parent="."]
transform = Transform3D(1, 0, 0, 0, 1, 0, 0, 0, 1, 0, -1, 0)
size = Vector3(100, 2, 100)
material = SubResource("StandardMaterial3D_6tisa")

[node name="Camera3D" type="Camera3D" parent="."]
transform = Transform3D(1, 0, 0, 0, 0.422618, 0.906308, 0, -0.906308, 0.422618, 0, 14.5, 9.5)

[node name="GridMap" type="GridMap" parent="."]
mesh_library = ExtResource("1_6tisa")
cell_size = Vector3(4, 4, 4)
cell_center_y = false
data = {
"cells": PackedInt32Array(65535, 2, 1310720, 65535, 65534, 1310720, 65531, 65535, 1310720, 65531, 65534, 1310720, 65531, 2, 1310720, 65532, 2, 1310720, 3, 65534, 1310720, 4, 65534, 1310720, 65531, 0, 1310720, 65532, 65534, 1310720, 65533, 65534, 1310720, 65533, 2, 1310720, 65534, 65534, 1310720, 65534, 2, 1310720, 0, 65534, 1310720, 0, 2, 1310720, 1, 2, 1310720, 2, 65534, 1310720, 2, 2, 1310720, 3, 2, 1310720, 4, 0, 1310720, 4, 1, 1310720, 4, 2, 1310720, 4, 65535, 1310720, 65532, 0, 1310720, 65532, 65535, 1310720, 65534, 0, 1310720, 65534, 1, 1310720, 0, 65535, 1310720, 0, 0, 1310720, 1, 0, 1310720, 2, 0, 1310720)
}

[node name="Path3D" type="Path3D" parent="."]
curve = SubResource("Curve3D_6tisa")

[node name="Road" type="CSGPolygon3D" parent="Path3D"]
polygon = PackedVector2Array(-1, 0, -1, 0.1, 1, 0.1, 1, 0)
mode = 2
path_node = NodePath("..")
path_interval_type = 0
path_interval = 0.5
path_simplify_angle = 0.0
path_rotation = 2
path_rotation_accurate = false
path_local = false
path_continuous_u = true
path_u_distance = 1.0
path_joined = false

[node name="LeftEdge" type="CSGPolygon3D" parent="Path3D"]
polygon = PackedVector2Array(-1.1, 0, -1.1, 0.15, -0.9, 0.15, -0.9, 0)
mode = 2
path_node = NodePath("..")
path_interval_type = 0
path_interval = 0.5
path_simplify_angle = 0.0
path_rotation = 2
path_rotation_accurate = false
path_local = false
path_continuous_u = true
path_u_distance = 1.0
path_joined = false

[node name="RightEdge" type="CSGPolygon3D" parent="Path3D"]
polygon = PackedVector2Array(0.9, 0, 0.9, 0.15, 1.1, 0.15, 1.1, 0)
mode = 2
path_node = NodePath("..")
path_interval_type = 0
path_interval = 0.5
path_simplify_angle = 0.0
path_rotation = 2
path_rotation_accurate = false
path_local = false
path_continuous_u = true
path_u_distance = 1.0
path_joined = false

[node name="Enemy" parent="Path3D" instance=ExtResource("2_dbkse")]
transform = Transform3D(-4.37114e-08, 0, -1, 0, 1, 0, 1, 0, -4.37114e-08, -22, 0, 6)
speed = 5.0

[node name="Enemy2" parent="Path3D" instance=ExtResource("2_dbkse")]
transform = Transform3D(-0.0349164, 0, -0.99939, 0, 1, 0, 0.99939, 0, -0.0349164, -17.0059, 0, 6.2383)
progress = 5.0
speed = 5.0

[node name="Enemy3" parent="Path3D" instance=ExtResource("2_dbkse")]
transform = Transform3D(0.0338393, 0, -0.999427, 0, 1, 0, 0.999427, 0, 0.0338393, -12.0067, 0, 6.29023)
progress = 10.0
speed = 5.0

[node name="Enemy4" parent="Path3D" instance=ExtResource("2_dbkse")]
transform = Transform3D(0.996117, 0, 0.0880412, 0, 1, 0, -0.0880412, 0, 0.996117, -9.90146, 0, 3.08642)
progress = 15.0
speed = 5.0

[node name="Enemy5" parent="Path3D" instance=ExtResource("2_dbkse")]
transform = Transform3D(0.907458, 0, -0.420143, 0, 1, 0, 0.420143, 0, 0.907458, -10.0693, 0, -1.88832)
progress = 20.0
speed = 5.0

[node name="Base" parent="." instance=ExtResource("3_0n1tn")]
transform = Transform3D(1, 0, 0, 0, 1, 0, 0, 0, 1, 6, 0, -6)
